0.184200
0.536748
0.337134
0.337655
0.199125
0.025666
0.526965
0.723389
0.296610
0.721218
0.563251
0.172198
0.491954
0.125158
0.303951
0.159056
0.280081
0.295883
0.300735
0.085162
0.610110
0.280034
0.264555
0.167596
0.263388
0.332325
0.282341
0.136356
0.258554
0.246224
0.123126
0.370411
0.250336
0.460302
0.680458
0.234268
0.250103
0.364789
0.335491
0.387614
0.216353
0.169165
0.304172
0.440188
0.365445
0.394587
0.768602
0.229604
0.298176
0.154056
0.220695
0.307100
0.219733
0.342023
0.286391
0.679843
0.508505
0.277837
0.536266
0.451089
0.368118
0.577374
0.470703
0.356945
0.529244
0.317037
0.617643
0.254643
0.610576
0.286846
0.322151
0.166676
0.364508
0.321860
0.458061
0.216375
0.585343
0.883866
0.330195
0.053240
0.553528
0.323213
0.434827
0.313448
0.333670
0.263986
0.334842
0.604605
0.280460
0.801328
0.061904
0.457309
0.602266
0.287802
0.342192
0.488281
0.250276
0.547199
0.522994
0.213545
0.556881
0.281197
0.133736
0.182478
0.280334
0.357953
0.329703
0.236925
0.308287
0.186654
0.330382
0.339443
0.414357
0.388554
0.271861
0.550614
0.441731
0.299469
0.856648
0.271222
0.119885
0.259795
0.142530
0.326453
0.299617
0.510244
0.280304
0.243762
0.241595
0.159386
0.366581
0.331394
0.624374
0.519797
0.118694
0.177774
0.534227
0.446649
0.357350
0.380298
0.363207
0.284669
0.673773
0.394062
0.276947
0.280618
0.168619
0.220799
0.320801
0.369189
0.592456
0.651630
0.460951
0.655770
0.746024
0.323051
0.188065
0.289074
0.497912
0.227497
0.503561
0.372448
0.385902
0.249562
0.282784
0.488475
0.481459
0.085791
0.566547
0.260267
0.113912
0.302842
0.765139
0.225455
0.950893
0.779427
0.746996
0.561555
0.168677
0.561475
0.504600
0.865245
0.376877
0.131730
0.268740
0.477017
0.157688
0.519875
0.420608
0.128160
0.389460
0.558618
0.390733
0.115810
0.428149
0.117841
0.328188
0.959335
0.349938
0.272146
0.237658
0.456190
0.110472
0.217779
0.299609
0.387884
0.106590
0.231755
0.401885
0.328795
0.356205
0.171948
0.243873
0.410294
0.449407
0.181607
0.151036
0.506688
0.640956
0.307414
0.620152
0.822637
0.257296
0.097651
0.556958
0.535984
0.249111
0.809249
0.322871
0.265975
0.588475
0.378689
0.532483
0.685688
0.493383
0.291928
0.466665
0.832679
0.171735
0.314664
0.231715
0.250500
0.576659
0.731320
0.448355
0.795727
0.282739
0.492956
0.399521
0.594466
0.605105
0.431234
0.155808
0.470271
0.299136
0.769521
0.315083
0.371886
0.232160
0.413928
0.344828
0.493629
0.268886
0.406563
0.188311
0.437661
0.667436
0.295125
0.243758
0.433009
0.193309
0.348779
0.116955
0.070163
0.618314
0.219348
0.270574
0.324442
0.376075
0.242089
0.194951
0.280281
0.774663
0.184944
0.716151
0.364170
0.323311
0.162525
0.477648
0.246672
0.475157
0.191528
0.494698
0.287087
0.487595
0.261376
0.488975
0.285934
0.025538
0.322339
0.331768
0.267278
0.229799
0.406799
0.261587
0.113641
0.521319
0.758954
0.363557
0.205679
0.473919
0.577310
0.271296
0.245370
0.085347
0.547310
0.429284
0.383330
0.392055
0.618562
0.337568
0.334300
0.272435
0.365816
0.610410
0.218258
0.111255
0.250276
0.543203
0.790529
0.293773
0.551495
0.363889
0.232146
0.287366
0.087579
0.223121
0.599857
0.364478
0.385747
0.508809
0.507690
0.447109
0.900915
0.352960
0.563692
0.119242
0.552233
0.280746
0.650451
0.189620
0.197216
0.302759
0.556398
0.434347
0.479556
0.336661
0.722056
0.273814
0.466588
0.489028
0.756683
0.312796
0.291432
0.234013
0.565796
0.706241
0.311555
0.232653
0.528286
0.360866
0.397025
0.301557
0.357094
0.360946
0.591151
0.057586
0.943962
0.089118
0.489195
0.245850
0.330332
0.958052
0.447109
0.534766
0.809468
0.345198
0.308966
0.570524
0.007877
0.809876
0.402640
0.577638
0.430480
0.542459
0.372456
0.210331
0.173769
0.285462
0.386647
0.353295
0.139278
0.219826
0.215579
0.372762
0.162090
0.760896
0.304801
0.564758
0.310806
0.496064
0.469369
0.253816
0.192278
0.232418
0.684039
0.552173
0.429080
0.680110
0.295426
0.634959
0.592122
0.549022
0.215543
0.229603
0.595902
0.207721
0.285386
0.074569
0.105226
0.308583
0.303169
0.172977
0.309021
0.248824
0.505292
0.235472
0.129761
0.307605
0.609310
0.130321
0.295678
0.620856
0.301744
0.309940
0.216336
0.369646
0.273274
0.381332
0.341306
0.570678
0.328866
0.345134
0.044657
0.106762
0.332359
0.378735
0.707666
0.360413
0.040295
0.112607
0.374802
0.276563
0.502416
0.360586
0.476509
0.145803
0.152287
0.332640
0.848777
0.224643
0.684457
0.334679
0.491666
0.132976
0.383026
0.295007
0.500274
0.392634
0.474403
0.646124
0.656653
0.231639
0.472698
0.503168
0.480138
0.472564
0.359706
0.478441
0.222256
0.101741
0.347285
0.883310
0.362058
0.062681
0.181925
0.690600
0.307331
0.456520
0.779453
0.507221
0.281099
0.128313
0.285965
0.045983
0.229001
0.062986
0.166816
0.411487
0.349285
0.210282
0.292366
0.157544
0.375556
0.716297
0.314377
0.254643
0.513495
0.354508
0.409190
0.662670
0.272251
0.313568
0.627035
0.153424
0.673205
0.170169
0.189075
0.546349
0.378130
0.326440
0.300501
0.420615
0.417352
0.230095
0.342177
0.700420
0.395561
0.394833
0.256906
0.183587
0.344953
0.294216
0.244244
0.267609
0.392385
0.122889
0.562639
0.280511
0.520797
0.339353
0.744122
0.340899
0.449622
0.217812
0.503549
0.225805
0.444431
0.439407
0.235381
0.644775
0.492468
0.634284
0.201981
0.191617
0.365279
0.326434
0.850532
0.683669
0.098469
0.352667
0.472292
0.246913
0.162320
0.167463
0.284028
0.826279
0.513721
0.263868
0.317284
0.093826
0.333050
0.511431
0.402737
0.661012
0.491270
0.522219
0.233564
0.233008
0.264950
0.514629
0.057036
0.617205
0.191528
0.506082
0.232650
0.239060
0.208688
0.305823
0.085345
0.134646
0.769802
0.308062
0.378157
0.342828
0.320879
0.289843
0.287569
0.325382
0.471587
0.839984
0.470977
0.339270
0.340438
0.789526
0.512196
0.357881
0.935784
0.265884
0.415787
0.422734
0.503086
0.423018
0.513544
0.259456
0.303936
0.290724
0.966416
0.550336
0.510077
0.394088
0.658408
0.265227
0.309424
0.311255
0.795149
0.493686
0.681050
0.254968
0.344009
0.111518
0.571896
0.711626
0.100390
0.352835
0.316610
0.671021
0.498671
0.503759
0.653734
0.502861
0.667643
0.250521
0.304875
0.221034
0.254217
0.515250
0.408121
0.676712
0.608065
0.296591
0.376955
0.305570
0.312278
0.413692
0.156099
0.348881
0.627280
0.573166
0.364999
0.681254
0.361592
0.626079
0.284629
0.672118
0.432977
0.152671
0.257185
0.121578
0.579202
0.338198
0.281851
0.414420
0.295941
0.179221
0.289771
0.743208
0.040641
0.443970
0.555224
0.176077
0.187171
0.105715
0.564203
0.773386
0.408726
0.434226
0.109122
0.506815
0.589803
0.330052
0.318362
0.140119
0.281348
0.504171
0.384410
0.323259
0.877248
0.333730
0.084934
0.480747
0.299207
0.250635
0.161234
0.640668
0.323902
0.234427
0.561733
0.257830
0.220861
0.299161
0.137689
0.493554
0.133436
0.557753
0.076117
0.366783
0.339672
0.324213
0.875188
0.333474
0.324999
0.523087
0.555087
0.558420
0.595130
0.155111
0.266399
0.002510
0.389792
0.289052
0.661775
0.406480
0.376966
0.264586
0.163199
0.303219
0.521166
0.142477
0.385273
0.451321
0.595380
0.448143
0.361456
0.239113
0.212484
0.086898
0.420706
0.757848
0.161402
0.543636
0.709179
0.239353
0.698976
0.545230
0.462524
0.521319
0.419298
0.310039
0.165729
0.643360
0.385041
0.816339
0.255641
0.785607
0.170783
0.132434
0.333816
0.371274
0.138215
0.321835
0.373168
0.147047
0.805121
0.285022
0.245945
0.144051
0.423167
0.714160
0.180326
0.461078
0.697740
0.505222
0.056999
0.076666
0.375127
0.214188
0.447336
0.228064
0.434752
0.318598
0.458557
0.334199
0.088095
0.200708
0.207968
0.291942
0.632335
0.441349
0.372421
0.381887
0.388881
0.533411
0.064811
0.402930
0.534437
